-15.9856115107914 64.9352517985612 13.0791366906475
12.88 67.68 10.64
-11.919776119403 46.5018656716418 40.4832089552239
12.0449236298293 45.5849056603774 40.7008086253369
-19.7894736842105 16.2105263157895 61.4385964912281
19.3406593406593 17.2307692307692 59.7582417582418
-22.0224719101124 61.4831460674157 -8.24719101123596
20.2483870967742 62.7354838709678 -5.59354838709677
-27.2234993614304 55.6219667943806 1.35632183908046
28.2384105960265 56.4139072847682 7.21523178807946
-25.5433070866142 43.0110236220472 29.007874015748
24.8854961832061 45.0687022900763 29.0106870229008
-23.03125 29.0625 47.0111607142857
19.9793281653747 35.5038759689922 47.6744186046512
-27.1485507246377 10.7608695652174 55.536231884058
27.2265625 16.767578125 52.072265625
-23.7168458781362 0.272401433691755 57.9641577060932
23.4145383104126 1.90962671905697 59.0923379174853
-39.9779411764706 41.1102941176471 19.5294117647059
41.3062015503876 44.3410852713178 13.437984496124
-32.8036890645586 44.4084321475626 25.4176548089592
31.7044476327116 45.2309899569584 27.2482065997131
-39.0857142857143 30.9142857142857 35.4428571428571
37.3084745762712 33.0372881355932 35.0372881355932
-37.9519038076152 19.3266533066132 46.7374749498998
38.8349056603774 21.5660377358491 46.438679245283
-43.2408163265306 19.8367346938776 37.069387755102
41.8557874762808 17.3092979127135 41.4421252371916
-44.2393162393163 38.3213675213675 11.7367521367521
46.3843416370107 39.5943060498221 9.87900355871886
-43.1075268817204 14.84229390681 29.4139784946236
43.9402460456942 18.5114235500879 28.377855887522
-49.44453064391 25.5577967416602 4.67804499612103
49.8304033092037 28.5398138572906 5.02171664943123
-12.4275534441805 52.1947743467933 -20.104513064133
12.4627249357327 50.185089974293 -20.9974293059126
-35.0095238095238 56.8190476190476 -7.71428571428571
36.4772727272727 56.75 -6.10227272727273
-41.0455445544554 48.9861386138614 -5.31485148514851
39.7437325905292 50.3175487465181 -4.04456824512535
-42.1777777777778 30.5333333333333 -16.8666666666667
44.219696969697 33.0151515151515 -14.4318181818182
-21.245960502693 22.5852782764811 -20.7396768402154
21.0255402750491 22.3811394891945 -19.6935166994106
-24.9712230215827 38.568345323741 -14.9928057553957
25.2347826086957 41.3739130434783 -14.6260869565217
-31.1377777777778 33.9288888888889 -13.1733333333333
29.1687242798354 34.3045267489712 -12.7325102880658
-5.53191489361703 38.804255319149 -23.4510638297872
5.54297693920336 37.8993710691824 -23.4716981132075
-49.744 6.14400000000001 25.672
50.2077151335312 9.64985163204747 24.2255192878338
-25.1726384364821 -8.54071661237785 58.0260586319218
26.0582524271845 -7.72168284789645 58.0453074433657
-18.2985074626866 -8.71641791044776 68.1492537313433
19.75 -6.34999999999999 67.7
-42.070821529745 0.725212464589248 49.1048158640227
43.6555555555556 0.996296296296293 48.3592592592593
-56.1095890410959 4.79452054794521 30.5753424657534
56.9523809523809 8.0408163265306 28.7755102040816
-29.8181818181818 -10.9848484848485 63.5909090909091
30.9075630252101 -9.79831932773109 64.1680672268908
-54.2639245929734 -8.37189374464438 31.9914310197087
55.3950953678474 -5.19891008174388 31.1407811080836
-43.2323759791123 -14.0365535248042 49.9268929503916
44.7218934911243 -10.9230769230769 48.6153846153846
-38.4670542635659 -23.1511627906977 60.4302325581395
36.8464223385689 -20.1902268760907 59.9842931937173
-23.1157684630738 -28.8522954091816 64.3233532934132
22.0876712328767 -27.2657534246575 65.358904109589
-57.5154639175258 -17.7835051546392 31.7525773195876
58.2735042735043 -15 32.2905982905983
-40.6489563567362 -33.4193548387097 53.8709677419355
40.8888888888889 -29.9126984126984 52.3121693121693
-43.0565371024735 -32.6360424028269 43.5618374558304
47.9724137931034 -25.9724137931034 42.5379310344828
-23.6065573770492 -47.344262295082 58.8196721311475
23.6239316239316 -46.7008547008547 62.4444444444445
-18.6560846560847 -46.7830687830688 65.6507936507936
20.0921658986175 -44.7465437788018 66.5161290322581
-29.8656126482213 -50.9723320158103 64.3715415019763
29.2167832167832 -48.7552447552448 67.2167832167832
-24.8446601941748 -54.2135922330097 55.3203883495146
25.5985663082437 -51.0752688172043 56.3727598566308
-16.0551724137931 -61.2137931034483 59.2689655172414
15.1846153846154 -57.8307692307692 61.2307692307692
-54.4731182795699 -29.505376344086 21.3691756272401
54.5068119891008 -26.408719346049 22.0490463215259
-58.9547325102881 -29.1522633744856 25.8930041152263
58.7183908045977 -26.7643678160919 29.1896551724138
-58.68 -27.3333333333333 36.3266666666667
59.8634146341463 -23.0926829268293 38.4975609756098
-59.1277258566978 -37.9501557632399 36.6728971962617
60.1555555555556 -35.4074074074074 38.0074074074074
-57.8317757009346 -42.5607476635514 29.2710280373832
59.6966292134831 -39.8314606741573 27.5168539325843
-53.4579439252336 -42.1495327102804 45.1028037383178
53.7744360902256 -38.1503759398496 43.9548872180451
-55.2145214521452 -51.6699669966997 25.5115511551155
55.36 -45.904 33.408
-48.0369685767098 -57.09426987061 42.8022181146026
50.5027726432532 -52.2883548983364 42.5101663585952
-37.9183673469388 -70.1836734693878 38.7469387755102
44.5045045045045 -62.3711711711712 36.2774774774775
-42.6298701298701 -70.6363636363636 27.038961038961
47.0108303249097 -62.9530685920578 24.7148014440433
-44.7708333333333 -52.8125 48.6666666666667
42.7268292682927 -53.1317073170732 47.5853658536585
-41.2082262210797 -42.6169665809769 48.1696658097686
40.1042654028436 -39.9968404423381 51.001579778831
-34.042049934297 -58.2522996057819 45.2614980289093
37.442119944212 -52.3486750348675 48.3319386331939
-27.0396600566572 -59.7620396600567 43.4475920679887
26.5603217158177 -61.3967828418231 45.798927613941
-24 -71.6734693877551 32.1224489795918
27.8333333333333 -69.375 33.2916666666667
-21.3708609271523 -96.0198675496689 -13.7417218543046
23.9477806788512 -93.2062663185379 -12.8355091383812
-15.2359550561798 -96.8483146067416 1.34831460674157
17.1090047393365 -94.2417061611374 3.52132701421802
-26.3645833333333 -93.6284722222222 -0.711805555555557
28.3118741058655 -89.2818311874106 -2.10300429184549
-39.5724137931034 -84.4413793103448 -11.9448275862069
43.3739130434783 -81.1478260869565 -10.2260869565217
-30.7835051546392 -88.6556701030928 8.42474226804124
33.6186440677966 -85.385593220339 8.8135593220339
-35.3264887063655 -78.7453798767967 -0.616016427104725
35.6059113300493 -75.5665024630542 1.64729064039409
-15.4565217391304 -82.5326086956522 34.5434782608696
18.046783625731 -80.7602339181286 37.2631578947368
-14.0921843687375 -90.3286573146293 24.9498997995992
17.0392857142857 -87.7821428571429 26.4678571428571
-32.008064516129 -78.0766129032258 24.616935483871
36.3052837573386 -74.4305283757339 25.0567514677104
-36.9688888888889 -77.3955555555555 14.3555555555556
41.1063829787234 -72.9148936170213 12.1755319148936
-41.7326732673267 -71.4851485148515 17.950495049505
45.0691823899371 -63.1446540880503 15.1194968553459
-36.1542699724518 -80.0220385674931 30.2809917355372
40.9236947791165 -73.8714859437751 29.6465863453815
-48.4172661870504 -68.9928057553957 -4.30215827338129
49.9 -60.2111111111111 -8.75555555555556
-44.5287958115183 -70.717277486911 -6.68062827225131
47.0577777777778 -64.7288888888889 -7.45333333333333
-20.3412698412698 4.95238095238096 -19.3253968253968
19.3501577287066 7.04731861198738 -19.0662460567823
-33.7944862155389 16.7919799498747 -12.7418546365915
34.7032967032967 18.4688644688645 -12.7252747252747
-33.7398720682303 23.680170575693 0.575692963752658
36.8016643550624 24.2108183079057 -0.33287101248267
-40.7493188010899 15.1471389645777 2.6267029972752
40.8060708263069 14.5092748735244 4.09106239460371
-41.7841483979764 -0.927487352445198 -7.99662731871838
41.8477157360406 1.86463620981388 -8.75465313028765
-42.0780065005417 -19.0964247020585 13.7074756229686
40.6107226107226 -19.4638694638695 14.3076923076923
-46.2553846153846 3.59076923076924 9.3876923076923
46.1039426523297 5.64516129032259 9.35125448028674
-50.5927272727273 -8.95636363636363 13.9054545454545
49.737012987013 -6.32467532467533 13.8863636363636
-55.4666666666667 -1.12380952380953 2.3047619047619
55.7058823529412 2.10294117647058 2.52941176470588
-45.2597402597403 -10.9350649350649 -1.61688311688312
46.5342019543974 -7.1986970684039 -1.58957654723127
-52.0041928721174 -27.1299790356394 10.916142557652
57.270303030303 -19.1781818181818 8.83393939393939
-58.7451923076923 -23.25 3.72596153846153
60.0466392318244 -19.9753086419753 2.20301783264746
-49.7055214723926 14.0245398773006 -21.5460122699387
52.1176470588235 13.364705882353 -25.8588235294118
-54.863523573201 -7.1712158808933 -12.7543424317618
54.3233376792699 -2.4954367666232 -15.4993481095176
-54.6836248012719 -33.0143084260731 -1.66613672496025
53.0546021840874 -31.8751950078003 -0.271450858034328
-56.5482866043614 -48.3676012461059 13.3613707165109
54.6142857142857 -45.5285714285714 14.6119047619048
-48.1209563994374 -58.1772151898734 25.789029535865
51.377969762419 -54.0647948164147 21.0323974082073
-61.2087912087912 -11.5384615384615 -16.8406593406593
60.9532710280374 -5.46728971962617 -21
-62.9776119402985 -34.339552238806 -12.0671641791045
63.6993243243243 -28.402027027027 -12.7972972972973
-60.9699248120301 -35.0300751879699 -4.80451127819549
62.3402489626556 -30.8796680497925 -4.70539419087137
-53.0887096774194 -59.3870967741936 7.03225806451613
56.7955390334572 -53.2193308550186 2.96654275092936
-46.5720430107527 -15.1806451612903 -32.6903225806452
45.2362459546926 -7.25566343042071 -35.6030204962244
-58.550079491256 -26.066772655008 -23.8378378378378
57.8181818181818 -22.2187981510015 -25.0323574730354
-56.4373088685015 -52.9388379204893 -13.7064220183486
57.3926174496644 -46.3322147651007 -13.8489932885906
-50.019512195122 -60.6292682926829 -7.6390243902439
54.0619469026549 -57.858407079646 -10.5486725663717
-45.0882352941177 -63.8235294117647 5.5
49.2173913043478 -58.3333333333333 3.81159420289855
-35.4435261707989 10.6115702479339 -23.8787878787879
35.5072463768116 15.7004830917874 -23.9420289855072
-42.6766169154229 7.6318407960199 -16.2487562189055
43.9825581395349 9.24418604651163 -16.4476744186046
-45.1707317073171 7.20789779326364 -33.9210220673635
48.1313868613139 8.42335766423358 -33.1532846715328
-35.2173913043478 8.78260869565219 -32.8260869565217
34.7638190954774 12.4020100502512 -33.8793969849246
-25.7045454545455 5.92045454545453 -37.4113636363636
26.3673057517659 6.49848637739657 -35.9152371342079
-7.79002624671917 51.6062992125984 12.4619422572178
7.54945054945055 52.2362637362637 13.4230769230769
-6.65314401622717 53.4361054766734 24.7018255578093
6.69847328244275 56.5038167938931 25.469465648855
-5.32013201320132 34.6600660066007 42.6270627062706
5.54970760233918 33.4035087719298 43.859649122807
-7.25884543761639 47.195530726257 -3.45996275605214
6.42894056847545 47.3953488372093 -3.97416020671835
-9.53207547169811 65.4716981132075 -2.33207547169812
6.54545454545455 64.99604743083 -3.42292490118577
-5.37541528239203 49.0299003322259 -11.8006644518272
4.29818181818182 46.7781818181818 -12.7490909090909
-6.3688524590164 20.8360655737705 -16.0409836065574
5.89121338912133 20.7364016736402 -16.326359832636
-6.2 22.3076923076923 45.6923076923077
6.05228758169935 20.6143790849673 48.1830065359477
-10.5597014925373 18.1791044776119 61.1194029850746
10.31 18.67 61.46
-7.16988416988417 7.62162162162161 63.7953667953668
6.18604651162791 10.1162790697674 64.8217054263566
-6.90789473684211 27.0263157894737 29.9934210526316
6.95470383275261 26.5505226480836 30.9686411149826
-6.96296296296296 15.7925925925926 40.7481481481481
7.5906432748538 13.8771929824561 46.1169590643275
-7.45652173913044 4.83152173913044 47.4565217391304
7.75692963752665 4.92963752665244 51.3518123667377
-7.80952380952381 -6.20879120879121 56.3882783882784
8.25335892514396 -4.64107485604606 57.3090211132438
-8.46268656716418 -16.4029850746269 41.6492537313433
8.86567164179104 -15.9776119402985 41.9253731343284
-10.8031088082902 -35.2590673575129 45.8341968911917
11.4598930481283 -34.0374331550802 45.5882352941177
-9.27626459143968 -41.3229571984436 59.5097276264592
9.41463414634147 -40.5226480836237 60.5087108013937
-5.68909512761022 37.3317865429234 3.05800464037122
6.64726027397261 39.4349315068493 4.51712328767124
-7.31563421828909 34.3185840707964 22.0589970501475
7.28823529411764 33.3705882352941 22.8352941176471
-3.27272727272727 14.2727272727273 28.9545454545455
3.5 13.95 29.05
-3.70149253731343 3.49253731343285 29.5223880597015
4.12820512820512 3.74358974358975 29.8205128205128
-3.93427230046949 -23.6525821596244 38.7417840375587
4.54945054945055 -24.959706959707 38.8278388278388
-4.20481927710843 -26.0240963855422 28.8192771084337
4.72820512820513 -25.8974358974359 28.9641025641026
-4.29411764705883 -39.4901960784314 27.3725490196078
7.52606635071091 -43.0236966824645 31.345971563981
-5.06666666666666 -42.8888888888889 10.0444444444445
5.78082191780823 -42.3835616438356 10.3013698630137
-6.89451476793249 -16.7594936708861 50.9029535864979
7.67948717948718 -14.7435897435897 50.0641025641026
-9.93913043478261 -28.5478260869565 64.9565217391304
10.825 -26.75 66.2142857142857
-7.00510204081633 -25.8928571428571 68.5867346938776
7.42997542997543 -26.4766584766585 69.7985257985258
-6.25550660792952 -29.2599118942731 74.9779735682819
6.97247706422019 -28.2660550458716 75.5412844036697
-11.7985948477752 -55.2693208430913 13.4332552693208
12.7782805429864 -52.7963800904977 13.8009049773756
-4.98275862068965 -56.0344827586207 19.1120689655172
5.00980392156863 -55.5294117647059 19.8039215686274
-6.89964157706093 -50.8745519713262 33.741935483871
5.74307304785894 -51.8488664987405 32.1158690176322
-7.00371747211896 -48.7955390334572 44.817843866171
7.88847583643123 -48.4684014869889 43.4275092936803
-7.70987654320987 -54.8703703703704 54.641975308642
7.25513196480938 -49.6774193548387 53.4428152492669
-7.35094339622641 -61.177358490566 61.8264150943396
7.92691029900332 -59.9335548172757 61.5481727574751
-5.937106918239 -64.7044025157233 35.0062893081761
7.27027027027027 -62.5135135135135 35.7432432432432
-6.94642857142857 -70.7142857142857 40.3154761904762
10.6776859504132 -68.2203856749311 40.5399449035813
-10.2439024390244 -69.5707317073171 48.1170731707317
12.8029197080292 -68.1824817518248 49.3357664233577
-12.0213219616205 -55.727078891258 7.56076759061834
13.1126436781609 -54.1011494252874 8.49655172413793
-13.4153846153846 -65.0769230769231 25.6769230769231
15.8860759493671 -61.4303797468354 26.1645569620253
-10.4491525423729 -75.0847457627119 36.4576271186441
14.0551181102362 -72.8818897637795 37.2834645669291
-17.9814241486068 -59.5727554179567 4.08049535603715
20.6071428571429 -59.2040816326531 6.36224489795919
-17.7647058823529 -70 19.5882352941177
20.8846153846154 -65.5769230769231 20.0384615384615
-12.5310734463277 -75.3220338983051 29.3220338983051
15.0898876404494 -72.5056179775281 29.2584269662921
-5.21875 -82.6640625 28.3828125
8.67 -80.07 28.73
-4.13698630136986 -91.8493150684932 18.6986301369863
7.56944444444444 -88.5138888888889 19.2361111111111
-10.4666666666667 -71.6259259259259 9.02592592592593
11.6943907156673 -69.3771760154739 10.2630560928433
-7.30337078651685 -80.6696629213483 8.59325842696629
9.52058111380146 -77.7820823244552 9.36561743341404
-6.68250539956803 -95.3455723542117 -1.33261339092873
10.8182883939039 -94.2203985932005 1.10199296600234
-20.2098765432099 -45.320987654321 -4.61728395061728
19.6416184971098 -43.9421965317919 -3.89595375722543
-21.1024734982332 -62.4593639575972 -6.81272084805654
20.9878787878788 -60.230303030303 -6.0060606060606
-13.6485355648536 -63.5564853556485 -3.60669456066945
12.9465648854962 -63.8396946564885 -2.16030534351145
-14.1052631578947 -75.6842105263158 -10.1052631578947
13.025641025641 -72.4102564102564 -9.33333333333333
-10.9857142857143 -81.2571428571429 -9.01428571428572
10.9397590361446 -79.3975903614458 -7.08433734939759
-6.26086956521739 -80.4099378881988 -4.64596273291926
6.65753424657534 -78.8630136986301 -3.35616438356165
-30.2850971922246 -7.0280777537797 -19.3995680345572
30.0330188679245 -4.96698113207547 -18.4528301886792
-24.9427917620137 -32.4622425629291 -2.69107551487414
25.0061855670103 -31.3690721649484 -1.98762886597937
-15.7229437229437 -4.03463203463204 -18.3636363636364
14.1327014218009 -3.67772511848341 -17.8388625592417
-27.6413373860182 -26.6382978723404 -18.7477203647416
28.6112956810631 -24.7441860465116 -18.6312292358804
-17.5531914893617 -12.6170212765958 -30.2340425531915
18.09375 -14.34375 -28.515625
-17.1583011583012 -27.3667953667954 -12.8108108108108
16.6915887850467 -27.3894080996885 -10.0498442367601
-27.0749354005168 -39.5917312661499 -10.8630490956072
27.1671554252199 -35.9882697947214 -11.9296187683284
-31.5478775913129 -8.7680157946693 -34.0868706811451
31.3949579831933 -7.6937441643324 -34.3025210084034
-35.4093959731544 -25.6241610738255 -23.1140939597315
37.9186046511628 -24.5 -23.8255813953488
-36.5763688760807 -32.2305475504323 -23.7521613832853
37.374358974359 -31.2923076923077 -23.625641025641
-43.1266375545852 -49.7860262008734 -17.4061135371179
44.0911528150134 -46.058981233244 -17.6943699731903
-31.4791666666667 -50.3958333333333 -12.4375
32.3866666666667 -46.7333333333333 -11.32
-28.1489841986456 -65.9864559819413 -9.52144469525959
29.0123456790123 -61.6748971193416 -9.47736625514403
-23.0902255639098 -84.015037593985 -10.3308270676692
22.8888888888889 -80.4526748971194 -8.34567901234568
-21.9339622641509 -0.405660377358487 -11.5
21.1269035532995 1.65482233502539 -12.2842639593909
-11.5 21.85 1.05
11.2121212121212 22.8484848484848 -1.21212121212122
-14.4 26.1333333333333 0.200000000000003
15.6744186046512 27.7674418604651 1.81395348837209
-12.3026706231454 13.6913946587537 -8.20771513353115
11.7106918238994 14.5408805031446 -7.61635220125787
-15.3636363636364 11.2424242424242 12.1969696969697
14.2097902097902 19.9160839160839 8.1958041958042
-12.9209039548023 9.77966101694915 8.27118644067797
12.4304635761589 10.0066225165563 8.78807947019868
-16 3.50819672131146 18.655737704918
15.1210191082803 6.52229299363057 17.5414012738854
-18.4137931034483 -12.3103448275862 25.2758620689655
16.9806451612903 -7.58709677419355 23.858064516129
-18.6363636363636 -8.15151515151516 -0.515151515151516
18.9647058823529 -6.91764705882353 -0.588235294117652
-23.303125 6.26249999999999 0.784374999999997
23.2268370607029 7.35463258785941 0.773162939297123
-28.0056818181818 -6.26420454545455 1.77272727272727
28.5342281879195 -4.09664429530201 0.861744966442956
-4.27160493827161 0.271604938271594 1.4320987654321
3.61194029850746 0.388059701492551 1.40298507462687
-9.09174311926606 -8.55045871559633 12.954128440367
8.54054054054055 -7.45045045045045 12.5135135135135
-3.31034482758621 -7.44827586206897 -1.10344827586206
2.78260869565217 -7.04347826086956 -1.1304347826087
-3.2183908045977 -14.3908045977011 8.41379310344827
3.29166666666667 -14.4583333333333 8.9375
-12.4095238095238 -18.9650793650794 7.00952380952381
12.6620450606586 -17.4696707105719 6.39861351819758
-15.05 -28.2833333333333 13.55
14.55 -26.5125 12.725
-8.86666666666666 -28.0666666666667 10.6666666666667
8.75675675675676 -26.4864864864865 9.78378378378379
-4.90909090909091 -26.2727272727273 14.0454545454545
3.53333333333333 -25.3333333333333 13.1333333333333
-5.39130434782609 -10.7101449275362 -7.31159420289855
4.78538812785388 -10.2739726027397 -6.43835616438356
